1541859533.000000, IBI
25.501168,0.500023
34.345322,0.390643
37.845483,0.375017
38.329880,0.484397
38.689271,0.359391
124.646331,0.359391
135.412449,0.390643
135.771840,0.359391
136.256237,0.484397
159.647933,0.328140
160.007324,0.359391
170.617185,0.468771
178.789434,0.359391
179.148826,0.359391
179.476966,0.328140
362.547846,0.468771
363.047868,0.500023
363.563517,0.515649
364.001037,0.437520
416.722200,0.546900
417.144095,0.421894
417.722246,0.578151
418.144140,0.421894
418.691041,0.546900
419.128561,0.437520
426.425770,0.546900
426.863290,0.437520
427.363312,0.500023
427.816458,0.453146
430.347824,0.531274
430.800970,0.453146
431.347870,0.546900
431.769764,0.421894
432.316664,0.546900
432.754184,0.437520
433.238581,0.484397
433.785481,0.546900
434.254253,0.468771
434.754276,0.500023
435.269924,0.515649
435.723070,0.453146
436.238719,0.515649
436.723116,0.484397
437.207513,0.484397
437.707536,0.500023
440.176399,0.562526
442.582759,0.562526
449.833091,0.500023
450.333114,0.500023
450.786260,0.453146
451.286283,0.500023
451.786305,0.500023
452.286328,0.500023
455.755237,0.484397
456.270886,0.515649
456.724031,0.453146
457.239680,0.515649
457.786580,0.546900
458.208474,0.421894
458.692872,0.484397
459.224146,0.531274
459.677292,0.453146
460.192940,0.515649
460.630460,0.437520
461.146109,0.515649
461.614880,0.468771
462.114903,0.500023
464.552515,0.484397
465.021286,0.468771
467.412021,0.484397
467.896418,0.484397
470.240275,0.484397
470.693421,0.453146
471.193444,0.500023
471.646590,0.453146
472.162238,0.515649
472.584132,0.421894
473.115407,0.531274
473.552927,0.437520
474.052950,0.500023
474.490470,0.437520
474.990493,0.500023
475.443638,0.453146
475.959287,0.515649
476.381181,0.421894
476.865578,0.484397
477.318724,0.453146
477.803121,0.484397
478.256267,0.453146
478.771916,0.515649
479.240687,0.468771
479.740710,0.500023
480.193856,0.453146
480.693879,0.500023
481.178276,0.484397
481.662673,0.484397
482.147070,0.484397
482.631467,0.484397
483.100239,0.468771
483.600262,0.500023
484.069033,0.468771
484.553430,0.484397
485.037827,0.484397
485.506599,0.468771
485.975370,0.468771
486.491019,0.515649
486.959790,0.468771
492.366288,0.500023
492.913188,0.546900
493.397585,0.484397
493.850731,0.453146
496.319594,0.515649
496.788365,0.468771
497.304014,0.515649
497.772785,0.468771
498.288434,0.515649
498.741580,0.453146
501.226068,0.546900
501.647963,0.421894
502.226114,0.578151
502.632383,0.406269
503.163657,0.531274
503.569926,0.406269
504.101200,0.531274
504.538720,0.437520
505.085620,0.546900
505.507514,0.421894
506.054415,0.546900
506.507560,0.453146
507.023209,0.515649
512.320326,0.453146
512.835975,0.515649
513.289121,0.453146
513.836021,0.546900
517.711198,0.484397
518.164344,0.453146
518.679992,0.515649
519.164390,0.484397
519.617535,0.453146
520.101933,0.484397
520.586330,0.484397
521.055101,0.468771
521.570750,0.515649
522.055147,0.484397
522.523918,0.468771
524.914653,0.484397
525.399050,0.484397
525.914699,0.515649
529.242976,0.453146
529.727373,0.484397
530.180519,0.453146
530.664916,0.484397
534.008819,0.468771
534.524468,0.515649
534.977613,0.453146
535.462011,0.484397
537.868371,0.468771
538.337142,0.468771
538.790288,0.453146
539.274685,0.484397
539.774708,0.500023
540.259105,0.484397
542.681091,0.468771
543.196740,0.515649
543.665511,0.468771
544.165534,0.500023
544.665557,0.500023
545.149954,0.484397
545.634351,0.484397
546.087497,0.453146
546.618771,0.531274
547.087543,0.468771
547.571940,0.484397
548.056337,0.484397
548.540734,0.484397
549.040757,0.500023
551.462743,0.484397
551.947140,0.484397
552.415912,0.468771
552.931560,0.515649
553.415957,0.484397
553.931606,0.515649
554.431629,0.500023
554.947278,0.515649
555.416049,0.468771
555.916072,0.500023
556.384843,0.468771
556.869241,0.484397
557.353638,0.484397
557.838035,0.484397
558.338058,0.500023
558.822455,0.484397
559.291226,0.468771
559.791249,0.500023
560.260021,0.468771
560.760044,0.500023
563.182029,0.468771
563.682052,0.500023
564.119572,0.437520
564.650847,0.531274
565.103992,0.453146
565.619641,0.515649
566.088413,0.468771
566.619687,0.531274
567.104084,0.484397
567.604107,0.500023
568.072878,0.468771
568.588527,0.515649
569.072924,0.484397
569.572947,0.500023
570.026093,0.453146
570.557367,0.531274
571.010513,0.453146
571.510536,0.500023
571.948056,0.437520
572.401201,0.453146
572.854347,0.453146
573.369996,0.515649
573.807516,0.437520
574.291913,0.484397
574.745059,0.453146
575.260707,0.515649
575.713853,0.453146
576.182625,0.468771
576.667022,0.484397
577.151419,0.484397
577.729570,0.578151
578.182716,0.453146
578.604610,0.421894
593.480291,0.484397
593.980314,0.500023
594.464711,0.484397
594.902231,0.437520
612.543664,0.578151
620.997176,0.546900
621.497199,0.500023
622.075350,0.578151
622.731630,0.656280
625.919276,0.468771
626.450551,0.531274
626.966199,0.515649
627.403719,0.437520
627.856865,0.453146
1630.215247,0.578151
2102.846256,0.671906
2939.915823,0.750034
2940.618980,0.703157
3043.576818,0.875040
3290.760007,0.625029
3358.981880,0.843789
3373.326287,0.625029
3374.185701,0.859414
3374.888858,0.703157
4088.499648,0.375017
4157.799695,0.859414
4288.618183,0.750034
4372.856414,0.734409
4373.528320,0.671906
4374.418986,0.890666
4530.816770,0.421894
4904.802639,0.437520
5499.267350,0.968794
5551.035345,0.640654
5703.964220,0.406269
6174.517010,0.687531
6175.329547,0.812537
6210.018635,0.671906
6381.479608,0.937543
6382.292145,0.812537
6422.262725,1.062549
6489.312669,0.984420
6490.047078,0.734409
6491.047124,1.000046
6839.188060,0.921917
6840.016223,0.828163
6840.969392,0.953169
6848.625992,0.890666
6849.501032,0.875040
6850.391698,0.890666
6851.204235,0.812537
6852.094901,0.890666
6852.969941,0.875040
6853.798104,0.828163
6854.641892,0.843789
6855.548184,0.906291
6856.423224,0.875040
6863.095404,0.890666
6863.892316,0.796911
7413.276839,0.953169
7414.026873,0.750034
7414.917539,0.890666
7415.823830,0.906291
7416.636367,0.812537
7417.620787,0.984420
7418.495827,0.875040
7419.417745,0.921917
7420.292785,0.875040
7421.167825,0.875040
7422.120993,0.953169
7422.933531,0.812537
7423.777319,0.843789
7424.574231,0.796911
7425.433645,0.859414
7426.308685,0.875040
7427.136848,0.828163
7428.027514,0.890666
7428.918180,0.890666
7429.761968,0.843789
7430.683885,0.921917
7431.543300,0.859414
7432.402714,0.859414
7433.230877,0.828163
7434.059040,0.828163
7434.980957,0.921917
7435.793494,0.812537
7436.715411,0.921917
7437.543574,0.828163
7438.387363,0.843789
7439.262403,0.875040
7440.137443,0.875040
7441.090612,0.953169
7441.934400,0.843789
7442.778189,0.843789
7448.794089,0.906291
7449.684755,0.890666
7450.559795,0.875040
7451.387958,0.828163
7452.262998,0.875040
7453.263044,1.000046
7457.341356,0.812537
7458.232021,0.890666
7459.138313,0.906291
7460.200861,1.062549
7464.419805,0.906291
7465.279219,0.859414
7466.154259,0.875040
7467.091802,0.937543
7467.982468,0.890666
7468.888759,0.906291
7469.763799,0.875040
7470.591962,0.828163
7471.435751,0.843789
7472.310791,0.875040
7473.170205,0.859414
7474.029619,0.859414
7474.810905,0.781286
7489.499078,1.031297
7493.530512,0.937543
7494.280546,0.750034
7495.124335,0.843789
7496.061878,0.937543
7496.952544,0.890666
7497.796332,0.843789
7498.671372,0.875040
7499.608915,0.937543
7500.421453,0.812537
7501.405873,0.984420
7502.265287,0.859414
7503.124701,0.859414
7503.921613,0.796911
7504.874781,0.953169
7505.640441,0.765660
7506.452979,0.812537
7507.453024,1.000046
7508.343690,0.890666
7509.171853,0.828163
7510.046893,0.875040
7510.843805,0.796911
7511.765722,0.921917
7512.640762,0.875040
7513.578305,0.937543
7514.422093,0.843789
7515.265882,0.843789
7516.062793,0.796911
7516.922208,0.859414
7542.892147,1.000046
7553.877024,0.890666
7555.002076,1.125051
7621.927014,0.984420
7721.384692,1.093800
7738.119833,0.609403
7758.698900,0.843789
7759.714571,1.015671
7765.605466,0.656280
7766.214869,0.609403
7767.089909,0.875040
7780.903041,1.015671
7781.637450,0.734409
7782.543741,0.906291
7783.325027,0.781286
7784.371950,1.046923
7785.246990,0.875040
7786.184533,0.937543
7786.997070,0.812537
7787.872110,0.875040
7788.669022,0.796911
7797.481925,0.859414
7802.779043,0.890666
7803.747837,0.968794
7804.622877,0.875040
7805.591671,0.968794
7806.388583,0.796911
7807.294874,0.906291
7808.310546,1.015671
7809.123083,0.812537
7809.982497,0.859414
7810.857538,0.875040
7811.763829,0.906291
7812.685746,0.921917
7816.170281,0.875040
7816.951566,0.781286
7817.951612,1.000046
7818.826652,0.875040
7819.748569,0.921917
7820.826744,1.078174
7825.092564,0.921917
7832.780416,0.937543
7833.702333,0.921917
7834.639876,0.937543
7835.514916,0.875040
7836.483711,0.968794
13092.302418,0.578151
13092.927446,0.625029
13093.677480,0.750034
13117.366065,0.375017
13117.725456,0.359391
13125.507062,0.359391
13127.882171,0.390643
13128.257188,0.375017
13128.616580,0.359391
13131.460460,0.500023
13131.991734,0.531274
13146.898667,0.531274
13147.601824,0.703157
13148.133098,0.531274
13148.711250,0.578151
13149.226898,0.515649
13149.820675,0.593777
13151.992650,0.390643
13154.680273,0.390643
13168.868422,0.375017
13169.212188,0.343766
13171.446665,0.375017
13173.181120,0.406269
13173.556137,0.375017
13173.915528,0.359391
13174.290545,0.375017
13174.634311,0.343766
13187.588029,0.390643
13187.916169,0.328140
